8.935143232345581
0.6574218749999999
0.6574218749999999
0.6574218749999999
0.6703125
0.6703125
0.6574218749999999
0.6574218749999999
0.6574218749999999
0.6703125
0.6703125
0.6574218749999999
0.6703125
0.6832031249999999
0.6703125
0.6703125
0.6703125
0.6703125
0.6703125
0.6703125
0.6703125
0.6574218749999999
0.6703125
0.6574218749999999
0.6832031249999999
0.6703125
0.6703125
0.6703125
0.6703125
0.6703125
0.6574218749999999
0.6703125
0.6703125
0.6703125
0.6574218749999999
0.6574218749999999
0.6574218749999999
0.6703125
0.6703125
0.6574218749999999
0.6574218749999999
0.6703125
0.6574218749999999
0.6574218749999999
0.6574218749999999
0.6703125
0.6574218749999999
0.6703125
0.6574218749999999
0.6574218749999999
0.6703125
0.6574218749999999
0.6703125
0.6574218749999999
0.6703125
0.6703125
0.6703125
0.6703125
0.6574218749999999
0.6703125
0.6703125
0.6574218749999999
0.6703125
0.6703125
0.6703125
0.6703125
0.6703125
0.6574218749999999
0.6574218749999999
0.6574218749999999
0.6703125
0.6703125
0.6574218749999999
0.6574218749999999
0.6703125
0.6574218749999999
0.6703125
0.6703125
0.6703125
0.6574218749999999
0.6832031249999999
0.6703125
0.6574218749999999
0.6703125
0.6703125
0.6703125
0.6832031249999999
0.6574218749999999
0.6574218749999999
0.6574218749999999
0.6832031249999999
0.6703125
0.6574218749999999
0.6703125
0.6574218749999999
0.6703125
0.6574218749999999
0.6703125
0.6703125
0.6703125
0.6703125
0.6703125
0.6703125
0.6703125
0.6703125
0.6703125
0.6574218749999999
0.6574218749999999
0.6574218749999999
0.6703125
0.6703125
0.6574218749999999
0.6574218749999999
0.6703125
0.6574218749999999
0.6703125
0.6574218749999999
0.6703125
0.6703125
0.6574218749999999
0.6703125
0.6574218749999999
0.6703125
0.6703125
0.6703125
0.6703125
0.6703125
0.6832031249999999
0.6574218749999999
0.6703125
0.6574218749999999
0.6703125
0.6703125
0.6832031249999999
0.6574218749999999
0.6703125
0.6832031249999999
0.6832031249999999
0.6703125
0.6703125
0.6703125
0.6703125
0.6703125
0.6703125
0.6703125
0.6703125
0.6574218749999999
0.6703125
0.6574218749999999
0.6703125
0.6832031249999999
0.6703125
0.6832031249999999
0.6703125
0.6703125
0.6574218749999999
0.6703125
0.6703125
0.6574218749999999
0.6574218749999999
0.6703125
0.6832031249999999
0.6832031249999999
0.6703125
0.6703125
0.6574218749999999
0.6703125
0.6703125
0.6703125
0.6832031249999999
0.6703125
0.6703125
0.6703125
0.6703125
0.6703125
0.6574218749999999
0.6574218749999999
0.6703125
0.6703125
0.6574218749999999
0.6703125
0.6703125
0.6574218749999999
0.6703125
0.6574218749999999
0.6703125
0.6703125
0.6574218749999999
0.6703125
0.6703125
0.6703125
0.6574218749999999
0.6703125
0.6574218749999999
0.6703125
0.6703125
0.6832031249999999
0.6703125
0.6703125
0.6703125
0.6703125
0.6574218749999999
0.6832031249999999
0.6703125
0.6703125
0.6574218749999999
0.6703125
0.6703125
0.6832031249999999
0.6703125
0.6703125
0.6703125
0.6703125
0.6703125
0.6832031249999999
0.6832031249999999
0.6703125
