10.473379611968994
0.708984375
0.708984375
0.708984375
0.69609375
0.69609375
0.708984375
0.708984375
0.69609375
0.69609375
0.708984375
0.69609375
0.69609375
0.7218749999999999
0.708984375
0.708984375
0.708984375
0.7218749999999999
0.69609375
0.708984375
0.708984375
0.708984375
0.708984375
0.708984375
0.69609375
0.708984375
0.7218749999999999
0.69609375
0.708984375
0.708984375
0.708984375
0.7218749999999999
0.708984375
0.6832031249999999
0.708984375
0.708984375
0.708984375
0.708984375
0.708984375
0.7218749999999999
0.7218749999999999
0.69609375
0.708984375
0.708984375
0.69609375
0.708984375
0.708984375
0.69609375
0.69609375
0.69609375
0.69609375
0.708984375
0.69609375
0.69609375
0.6832031249999999
0.6832031249999999
0.6832031249999999
0.6832031249999999
0.6832031249999999
0.6832031249999999
0.6703125
0.6574218749999999
0.6703125
0.6703125
0.64453125
0.64453125
0.631640625
0.64453125
0.631640625
0.631640625
0.6187499999999999
0.6187499999999999
0.6187499999999999
0.6187499999999999
0.5929687499999999
0.5929687499999999
0.5929687499999999
0.5929687499999999
0.580078125
0.580078125
0.580078125
0.580078125
0.5671875
0.554296875
0.5671875
0.554296875
0.554296875
0.554296875
0.554296875
0.54140625
0.54140625
0.54140625
0.54140625
0.54140625
0.5285156249999999
0.5285156249999999
0.515625
0.515625
0.515625
0.515625
0.502734375
0.502734375
0.502734375
0.502734375
0.48984374999999997
0.48984374999999997
0.515625
0.48984374999999997
0.48984374999999997
0.48984374999999997
0.48984374999999997
0.48984374999999997
0.476953125
0.48984374999999997
0.48984374999999997
0.48984374999999997
0.476953125
0.476953125
0.476953125
0.48984374999999997
0.476953125
0.476953125
0.48984374999999997
0.476953125
0.476953125
0.476953125
0.476953125
0.476953125
0.4640625
0.4640625
0.4640625
0.4640625
0.4640625
0.451171875
0.4640625
0.4640625
0.451171875
0.476953125
0.4640625
0.4640625
0.4640625
0.4640625
0.4640625
0.4640625
0.4640625
0.451171875
0.451171875
0.451171875
0.4640625
0.4640625
0.4640625
0.451171875
0.451171875
0.451171875
0.4640625
0.4640625
0.43828124999999996
0.451171875
0.451171875
0.4640625
0.451171875
0.451171875
0.4640625
0.4640625
0.43828124999999996
0.43828124999999996
0.451171875
0.451171875
0.451171875
0.4640625
0.4640625
0.43828124999999996
0.451171875
0.451171875
0.43828124999999996
0.451171875
0.451171875
0.43828124999999996
0.43828124999999996
0.43828124999999996
0.451171875
0.451171875
0.451171875
0.43828124999999996
0.451171875
0.451171875
0.43828124999999996
0.43828124999999996
0.43828124999999996
0.43828124999999996
0.43828124999999996
0.43828124999999996
0.43828124999999996
0.451171875
0.43828124999999996
0.43828124999999996
0.43828124999999996
0.43828124999999996
0.43828124999999996
0.43828124999999996
0.43828124999999996
0.451171875
0.43828124999999996
0.43828124999999996
0.43828124999999996
0.43828124999999996
0.43828124999999996
0.43828124999999996
0.43828124999999996
0.43828124999999996
0.43828124999999996
0.42539062499999997
0.42539062499999997
0.42539062499999997
0.42539062499999997
0.4125
0.43828124999999996
0.42539062499999997
0.42539062499999997
0.43828124999999996
0.42539062499999997
0.42539062499999997
0.42539062499999997
0.4125
0.4125
0.42539062499999997
0.43828124999999996
0.42539062499999997
0.42539062499999997
0.42539062499999997
0.42539062499999997
0.42539062499999997
0.42539062499999997
0.4125
0.42539062499999997
0.4125
0.42539062499999997
0.4125
0.4125
0.42539062499999997
0.42539062499999997
0.42539062499999997
0.4125
0.42539062499999997
0.4125
0.4125
0.4125
0.4125
0.42539062499999997
0.4125
0.4125
0.399609375
0.4125
0.4125
0.4125
