7.366976499557495
0.863671875
0.8765624999999999
0.8765624999999999
0.863671875
0.863671875
0.863671875
0.863671875
0.8507812499999999
0.8765624999999999
0.8765624999999999
0.863671875
0.8765624999999999
0.8765624999999999
0.863671875
0.8507812499999999
0.863671875
0.863671875
0.8507812499999999
0.8507812499999999
0.8507812499999999
0.863671875
0.863671875
0.863671875
0.863671875
0.863671875
0.863671875
0.863671875
0.863671875
0.863671875
0.863671875
0.863671875
0.863671875
0.8507812499999999
0.863671875
0.8507812499999999
0.8507812499999999
0.863671875
0.8507812499999999
0.8507812499999999
0.8507812499999999
0.837890625
0.8507812499999999
0.8507812499999999
0.8507812499999999
0.837890625
0.8507812499999999
0.837890625
0.837890625
0.825
0.8121093749999999
0.825
0.8121093749999999
0.8121093749999999
0.79921875
0.7863281249999999
0.7863281249999999
0.7863281249999999
0.7863281249999999
0.760546875
0.7734375
0.760546875
0.7476562499999999
0.7476562499999999
0.734765625
0.734765625
0.7218749999999999
0.7218749999999999
0.7218749999999999
0.69609375
0.708984375
0.69609375
0.69609375
0.6832031249999999
0.6832031249999999
0.6703125
0.6574218749999999
0.6703125
0.6574218749999999
0.6574218749999999
0.64453125
0.631640625
0.631640625
0.631640625
0.631640625
0.6187499999999999
0.6187499999999999
0.6187499999999999
0.6187499999999999
0.605859375
0.5929687499999999
0.605859375
0.5929687499999999
0.5929687499999999
0.580078125
0.580078125
0.580078125
0.5671875
0.580078125
0.5671875
0.5671875
0.554296875
0.554296875
0.554296875
0.554296875
0.54140625
0.54140625
0.54140625
0.54140625
0.54140625
0.54140625
0.54140625
0.5285156249999999
0.5285156249999999
0.5285156249999999
0.5285156249999999
0.515625
0.5285156249999999
0.515625
0.515625
0.515625
0.502734375
0.502734375
0.515625
0.502734375
0.502734375
0.502734375
0.502734375
0.502734375
0.48984374999999997
0.48984374999999997
0.48984374999999997
0.502734375
0.48984374999999997
0.48984374999999997
0.476953125
0.48984374999999997
0.476953125
0.48984374999999997
0.476953125
0.48984374999999997
0.48984374999999997
0.48984374999999997
0.48984374999999997
0.476953125
0.48984374999999997
0.48984374999999997
0.476953125
0.48984374999999997
0.476953125
0.476953125
0.4640625
0.451171875
0.4640625
0.4640625
0.4640625
0.4640625
0.476953125
0.4640625
0.4640625
0.4640625
0.4640625
0.451171875
0.4640625
0.476953125
0.4640625
0.4640625
0.451171875
0.451171875
0.451171875
0.4640625
0.451171875
0.451171875
0.43828124999999996
0.451171875
0.451171875
0.4640625
0.43828124999999996
0.451171875
0.451171875
