5.215895652770996
1.147265625
1.173046875
1.173046875
1.173046875
1.16015625
1.173046875
1.1859374999999999
1.173046875
1.173046875
1.173046875
1.173046875
1.173046875
1.1859374999999999
1.173046875
1.173046875
1.173046875
1.1859374999999999
1.173046875
1.173046875
1.16015625
1.173046875
1.173046875
1.16015625
1.173046875
1.16015625
1.173046875
1.16015625
1.173046875
1.16015625
1.16015625
1.173046875
1.16015625
1.16015625
1.16015625
1.16015625
1.16015625
1.16015625
1.134375
1.134375
1.147265625
1.134375
1.134375
1.134375
1.1214843749999999
1.10859375
1.095703125
1.095703125
1.0828125
1.0828125
1.069921875
1.069921875
1.044140625
1.044140625
1.03125
1.03125
1.03125
1.03125
1.00546875
1.018359375
0.992578125
0.992578125
0.992578125
0.992578125
0.992578125
0.9796874999999999
0.966796875
0.95390625
0.95390625
0.9410156249999999
0.9410156249999999
0.9410156249999999
0.9410156249999999
0.9152343749999999
0.928125
0.90234375
0.928125
0.90234375
0.90234375
0.889453125
0.889453125
0.889453125
0.889453125
0.8765624999999999
0.863671875
0.8765624999999999
0.8765624999999999
0.863671875
0.863671875
0.863671875
0.8507812499999999
0.837890625
0.8507812499999999
0.837890625
0.837890625
0.825
0.837890625
0.825
0.825
0.825
0.8121093749999999
0.8121093749999999
0.825
0.8121093749999999
0.79921875
0.79921875
0.79921875
0.79921875
0.7863281249999999
0.79921875
0.7863281249999999
0.7734375
0.7863281249999999
0.7863281249999999
0.7863281249999999
0.7734375
0.7734375
0.7734375
0.760546875
0.760546875
0.760546875
0.760546875
0.7476562499999999
0.760546875
0.7476562499999999
0.7476562499999999
0.7476562499999999
0.7476562499999999
