10.62598466873169
1.147265625
1.147265625
1.147265625
1.147265625
1.147265625
1.147265625
1.147265625
1.147265625
1.134375
1.147265625
1.147265625
1.147265625
1.147265625
1.16015625
1.147265625
1.147265625
1.147265625
1.16015625
1.16015625
1.134375
1.16015625
1.147265625
1.147265625
1.147265625
1.147265625
1.147265625
1.16015625
1.147265625
1.147265625
1.147265625
1.147265625
1.147265625
1.147265625
1.134375
1.147265625
1.134375
1.147265625
1.147265625
1.147265625
1.147265625
1.147265625
1.147265625
1.16015625
1.147265625
1.147265625
1.147265625
1.16015625
1.16015625
1.147265625
1.16015625
1.147265625
1.147265625
1.134375
1.134375
1.147265625
1.147265625
1.147265625
1.147265625
1.147265625
1.16015625
1.147265625
1.147265625
1.147265625
1.147265625
1.147265625
1.147265625
1.147265625
1.147265625
1.147265625
1.147265625
1.147265625
1.147265625
1.147265625
1.147265625
1.147265625
1.147265625
1.147265625
1.147265625
1.16015625
1.147265625
1.134375
1.16015625
1.147265625
1.147265625
1.134375
1.16015625
1.147265625
1.147265625
1.147265625
1.147265625
1.16015625
1.147265625
1.16015625
1.147265625
1.147265625
1.16015625
1.16015625
1.147265625
1.147265625
1.147265625
1.16015625
1.134375
1.16015625
1.147265625
1.147265625
1.16015625
1.16015625
1.147265625
1.147265625
1.147265625
1.16015625
1.147265625
1.147265625
1.147265625
1.147265625
1.16015625
1.147265625
1.147265625
1.16015625
1.147265625
1.147265625
1.134375
1.147265625
1.147265625
1.147265625
1.147265625
1.147265625
1.16015625
1.147265625
1.147265625
1.147265625
1.16015625
1.147265625
1.147265625
1.147265625
1.147265625
1.147265625
1.147265625
1.147265625
1.147265625
1.147265625
1.147265625
1.147265625
1.147265625
1.16015625
1.16015625
1.147265625
1.16015625
1.147265625
1.16015625
1.147265625
1.147265625
1.16015625
1.147265625
1.16015625
1.147265625
1.147265625
1.147265625
1.147265625
1.147265625
1.147265625
1.147265625
1.16015625
1.16015625
1.147265625
1.147265625
1.16015625
1.16015625
1.147265625
1.147265625
1.147265625
1.173046875
1.147265625
1.16015625
1.147265625
1.173046875
1.147265625
1.16015625
1.134375
1.147265625
1.147265625
1.147265625
1.16015625
1.16015625
1.147265625
1.147265625
1.16015625
1.16015625
1.147265625
1.16015625
1.147265625
1.147265625
1.16015625
1.147265625
1.134375
1.147265625
1.147265625
1.147265625
1.147265625
1.147265625
1.147265625
1.147265625
1.134375
1.16015625
1.147265625
1.147265625
1.147265625
1.147265625
1.147265625
1.147265625
1.147265625
1.147265625
1.16015625
1.147265625
1.147265625
1.147265625
1.147265625
1.16015625
1.147265625
1.147265625
1.147265625
1.16015625
1.16015625
1.147265625
1.16015625
1.147265625
1.147265625
1.16015625
1.16015625
1.147265625
1.16015625
1.16015625
1.16015625
1.16015625
1.147265625
1.147265625
1.147265625
1.16015625
1.147265625
1.16015625
1.16015625
1.147265625
1.16015625
1.16015625
1.147265625
1.147265625
1.147265625
1.147265625
1.16015625
1.147265625
1.147265625
1.147265625
1.16015625
1.147265625
1.147265625
1.16015625
1.16015625
