10.080408573150635
1.00546875
0.992578125
1.00546875
1.00546875
0.992578125
1.00546875
1.00546875
0.992578125
1.00546875
0.992578125
1.00546875
1.00546875
1.00546875
1.00546875
1.00546875
1.00546875
0.992578125
1.00546875
0.992578125
0.992578125
0.992578125
0.992578125
0.992578125
1.00546875
0.992578125
1.00546875
1.00546875
0.992578125
0.992578125
0.992578125
1.00546875
0.992578125
0.992578125
1.00546875
1.00546875
1.00546875
1.00546875
1.00546875
1.00546875
1.00546875
1.00546875
0.992578125
0.992578125
1.00546875
0.992578125
0.992578125
1.00546875
0.992578125
1.00546875
1.00546875
1.00546875
0.992578125
1.00546875
1.00546875
1.00546875
0.992578125
0.992578125
0.992578125
1.00546875
1.00546875
0.992578125
1.00546875
1.00546875
1.00546875
0.992578125
1.00546875
1.00546875
0.992578125
1.00546875
0.992578125
0.992578125
0.992578125
1.00546875
1.00546875
0.992578125
1.00546875
1.00546875
1.00546875
1.00546875
1.00546875
0.992578125
0.992578125
0.992578125
1.00546875
1.00546875
1.00546875
0.992578125
1.00546875
1.00546875
1.00546875
0.992578125
0.992578125
1.00546875
1.00546875
0.992578125
1.00546875
0.992578125
1.00546875
1.00546875
1.00546875
1.00546875
0.992578125
0.992578125
1.00546875
1.00546875
0.992578125
1.00546875
1.00546875
1.00546875
0.992578125
1.00546875
1.00546875
1.018359375
0.992578125
1.00546875
1.018359375
1.00546875
1.00546875
1.00546875
1.00546875
0.992578125
1.00546875
0.992578125
0.992578125
1.00546875
1.00546875
0.992578125
1.00546875
1.00546875
0.992578125
0.992578125
0.992578125
0.992578125
0.992578125
1.00546875
1.00546875
0.992578125
1.00546875
1.00546875
1.00546875
0.992578125
1.00546875
1.00546875
1.00546875
1.00546875
1.00546875
0.992578125
1.00546875
0.992578125
0.992578125
0.992578125
1.00546875
1.00546875
0.992578125
0.992578125
1.00546875
0.992578125
1.00546875
0.992578125
1.00546875
1.00546875
1.00546875
0.992578125
1.00546875
0.992578125
1.00546875
1.00546875
0.992578125
1.00546875
0.992578125
1.00546875
1.00546875
0.992578125
1.018359375
1.00546875
1.00546875
0.992578125
0.992578125
0.992578125
0.992578125
1.00546875
1.00546875
1.00546875
1.00546875
0.992578125
1.00546875
0.992578125
0.992578125
1.00546875
0.992578125
1.00546875
1.00546875
0.992578125
1.00546875
1.00546875
0.992578125
0.992578125
0.992578125
0.992578125
1.00546875
1.00546875
0.992578125
0.992578125
1.00546875
1.00546875
1.00546875
1.00546875
0.992578125
1.00546875
0.992578125
1.018359375
0.992578125
0.992578125
1.00546875
1.00546875
1.00546875
1.00546875
1.00546875
1.00546875
0.992578125
0.992578125
1.00546875
0.992578125
1.00546875
0.992578125
1.00546875
0.992578125
1.00546875
0.992578125
0.992578125
1.00546875
0.992578125
1.00546875
0.992578125
0.992578125
1.00546875
0.992578125
1.00546875
1.00546875
0.992578125
1.00546875
0.992578125
0.992578125
0.992578125
1.00546875
