4.4887731075286865
1.533984375
1.533984375
1.546875
1.533984375
1.546875
1.533984375
1.546875
1.533984375
1.546875
1.546875
1.533984375
1.533984375
1.533984375
1.546875
1.533984375
1.533984375
1.546875
1.546875
1.533984375
1.546875
1.546875
1.546875
1.533984375
1.533984375
1.533984375
1.533984375
1.533984375
1.52109375
1.52109375
1.52109375
1.52109375
1.52109375
1.5082031249999999
1.4953124999999998
1.5082031249999999
1.482421875
1.482421875
1.456640625
1.4437499999999999
1.4437499999999999
1.4308593749999998
1.4308593749999998
1.405078125
1.3921875
1.3792968749999999
1.3792968749999999
1.3664062499999998
1.353515625
1.353515625
1.340625
1.340625
1.3148437499999999
1.3148437499999999
1.2890625
1.2890625
1.276171875
1.26328125
1.2503906249999999
1.2503906249999999
1.2374999999999998
1.224609375
1.224609375
1.198828125
1.198828125
1.1859374999999999
1.173046875
1.1859374999999999
1.16015625
1.147265625
1.147265625
1.134375
1.1214843749999999
1.134375
1.1214843749999999
1.10859375
1.095703125
1.0828125
1.0828125
1.095703125
1.0828125
1.069921875
1.0570312499999999
1.069921875
1.0570312499999999
1.0570312499999999
1.044140625
1.03125
1.03125
1.018359375
1.018359375
1.018359375
1.00546875
0.992578125
1.00546875
0.992578125
0.992578125
0.992578125
0.9796874999999999
0.9796874999999999
0.966796875
0.966796875
0.966796875
0.966796875
0.95390625
0.9410156249999999
0.9410156249999999
0.928125
0.928125
0.9410156249999999
