6.23731541633606
1.00546875
1.018359375
1.00546875
0.992578125
1.018359375
1.018359375
1.00546875
1.00546875
1.018359375
1.03125
1.00546875
1.00546875
1.00546875
1.00546875
1.00546875
0.992578125
1.00546875
1.00546875
1.00546875
1.018359375
1.00546875
0.992578125
1.00546875
1.00546875
1.00546875
0.992578125
1.00546875
1.018359375
1.00546875
1.00546875
1.00546875
1.00546875
1.00546875
1.00546875
0.992578125
0.992578125
0.992578125
0.992578125
1.00546875
0.9796874999999999
0.9796874999999999
0.966796875
0.966796875
0.9796874999999999
0.966796875
0.966796875
0.95390625
0.9410156249999999
0.95390625
0.9410156249999999
0.9410156249999999
0.928125
0.928125
0.928125
0.90234375
0.9152343749999999
0.889453125
0.90234375
0.90234375
0.889453125
0.8765624999999999
0.863671875
0.863671875
0.8765624999999999
0.8507812499999999
0.8507812499999999
0.837890625
0.837890625
0.837890625
0.837890625
0.837890625
0.8121093749999999
0.8121093749999999
0.8121093749999999
0.8121093749999999
0.8121093749999999
0.8121093749999999
0.79921875
0.7863281249999999
0.79921875
0.79921875
0.7734375
0.7863281249999999
0.7734375
0.7734375
0.7734375
0.760546875
0.760546875
0.7476562499999999
0.7476562499999999
0.7476562499999999
0.7476562499999999
0.734765625
0.7476562499999999
0.7476562499999999
0.7218749999999999
0.734765625
0.7218749999999999
0.7218749999999999
0.7218749999999999
0.7218749999999999
0.708984375
0.708984375
0.708984375
0.69609375
0.69609375
0.69609375
0.69609375
0.69609375
0.69609375
0.6832031249999999
0.69609375
0.6832031249999999
0.6832031249999999
0.69609375
0.6832031249999999
0.6832031249999999
0.6832031249999999
0.6832031249999999
0.6832031249999999
0.6832031249999999
0.6703125
0.6703125
0.6703125
0.6703125
0.6574218749999999
0.6703125
0.6574218749999999
0.6574218749999999
0.6703125
0.6574218749999999
0.6574218749999999
0.6574218749999999
0.64453125
0.6574218749999999
0.6574218749999999
0.6574218749999999
0.64453125
0.64453125
0.6574218749999999
0.631640625
0.64453125
0.64453125
0.631640625
0.64453125
0.631640625
0.64453125
0.64453125
0.631640625
0.631640625
0.631640625
