10.057087898254395
1.5597656249999998
1.5597656249999998
1.5597656249999998
1.546875
1.546875
1.546875
1.546875
1.533984375
1.546875
1.5597656249999998
1.5597656249999998
1.5597656249999998
1.546875
1.546875
1.533984375
1.546875
1.546875
1.546875
1.546875
1.546875
1.546875
1.546875
1.546875
1.546875
1.546875
1.5597656249999998
1.5597656249999998
1.546875
1.546875
1.546875
1.533984375
1.546875
1.546875
1.5597656249999998
1.546875
1.546875
1.5597656249999998
1.546875
1.546875
1.546875
1.546875
1.546875
1.5597656249999998
1.5597656249999998
1.546875
1.546875
1.546875
1.5597656249999998
1.533984375
1.5597656249999998
1.546875
1.5597656249999998
1.5597656249999998
1.5597656249999998
1.546875
1.546875
1.5597656249999998
1.5597656249999998
1.546875
1.546875
1.5597656249999998
1.546875
1.5597656249999998
1.546875
1.5597656249999998
1.5597656249999998
1.5597656249999998
1.5597656249999998
1.546875
1.5597656249999998
1.5597656249999998
1.546875
1.546875
1.546875
1.546875
1.546875
1.5597656249999998
1.546875
1.546875
1.546875
1.546875
1.533984375
1.546875
1.5597656249999998
1.546875
1.5597656249999998
1.546875
1.546875
1.546875
1.533984375
1.546875
1.546875
1.546875
1.546875
1.546875
1.546875
1.533984375
1.546875
1.546875
1.533984375
1.546875
1.533984375
1.546875
1.546875
1.546875
1.546875
1.5597656249999998
1.546875
1.546875
1.5597656249999998
1.546875
1.5597656249999998
1.5597656249999998
1.546875
1.546875
1.5597656249999998
1.5597656249999998
1.546875
1.546875
1.5597656249999998
1.546875
1.546875
1.5597656249999998
1.546875
1.546875
1.546875
1.546875
1.546875
1.546875
1.546875
1.546875
1.533984375
1.546875
1.5597656249999998
1.546875
1.533984375
1.5597656249999998
1.546875
1.546875
1.5597656249999998
1.546875
1.5597656249999998
1.546875
1.546875
1.546875
1.546875
1.546875
1.546875
1.546875
1.5597656249999998
1.5597656249999998
1.546875
1.546875
1.546875
1.5597656249999998
1.546875
1.5597656249999998
1.533984375
1.546875
1.546875
1.546875
1.546875
1.546875
1.533984375
1.546875
1.546875
1.546875
1.533984375
1.533984375
1.546875
1.546875
1.5597656249999998
1.546875
1.546875
1.546875
1.546875
1.546875
1.546875
1.546875
1.5597656249999998
1.5597656249999998
1.546875
1.5597656249999998
1.5597656249999998
1.5597656249999998
1.546875
1.5597656249999998
1.5597656249999998
1.5597656249999998
1.546875
1.5726562499999999
1.546875
1.546875
1.5597656249999998
1.5597656249999998
1.546875
1.546875
1.5597656249999998
1.546875
1.546875
1.546875
1.5597656249999998
1.546875
1.546875
1.5597656249999998
1.5597656249999998
1.546875
1.546875
1.546875
1.546875
1.546875
1.533984375
1.546875
1.546875
1.546875
1.546875
1.546875
1.546875
1.5597656249999998
1.546875
1.546875
1.5597656249999998
1.546875
1.546875
1.546875
1.546875
1.546875
1.546875
1.546875
1.5597656249999998
1.546875
1.5597656249999998
1.546875
1.546875
1.5597656249999998
1.546875
1.546875
1.546875
1.546875
1.546875
1.546875
1.5597656249999998
1.546875
1.5597656249999998
